# ASAP VERSION 3.0
# GoM cod 2019 update (M=0.2 model)
#
# ASAP GUI 15 AUG 2012
#
# Number of Years
37
# First Year
1982
# Number of Ages
9
# Number of Fleets
1
# Number of Sensitivity Blocks
3
# Number of Available Survey Indices
5
# Natural Mortality
0.2        0.2        0.2        0.2        0.2        0.2        0.2        0.2        0.2        
0.2        0.2        0.2        0.2        0.2        0.2        0.2        0.2        0.2        
0.2        0.2        0.2        0.2        0.2        0.2        0.2        0.2        0.2        
0.2        0.2        0.2        0.2        0.2        0.2        0.2        0.2        0.2        
0.2        0.2        0.2        0.2        0.2        0.2        0.2        0.2        0.2        
0.2        0.2        0.2        0.2        0.2        0.2        0.2        0.2        0.2        
0.2        0.2        0.2        0.2        0.2        0.2        0.2        0.2        0.2        
0.2        0.2        0.2        0.2        0.2        0.2        0.2        0.2        0.2        
0.2        0.2        0.2        0.2        0.2        0.2        0.2        0.2        0.2        
0.2        0.2        0.2        0.2        0.2        0.2        0.2        0.2        0.2        
0.2        0.2        0.2        0.2        0.2        0.2        0.2        0.2        0.2        
0.2        0.2        0.2        0.2        0.2        0.2        0.2        0.2        0.2        
0.2        0.2        0.2        0.2        0.2        0.2        0.2        0.2        0.2        
0.2        0.2        0.2        0.2        0.2        0.2        0.2        0.2        0.2        
0.2        0.2        0.2        0.2        0.2        0.2        0.2        0.2        0.2        
0.2        0.2        0.2        0.2        0.2        0.2        0.2        0.2        0.2        
0.2        0.2        0.2        0.2        0.2        0.2        0.2        0.2        0.2        
0.2        0.2        0.2        0.2        0.2        0.2        0.2        0.2        0.2        
0.2        0.2        0.2        0.2        0.2        0.2        0.2        0.2        0.2        
0.2        0.2        0.2        0.2        0.2        0.2        0.2        0.2        0.2        
0.2        0.2        0.2        0.2        0.2        0.2        0.2        0.2        0.2        
0.2        0.2        0.2        0.2        0.2        0.2        0.2        0.2        0.2        
0.2        0.2        0.2        0.2        0.2        0.2        0.2        0.2        0.2        
0.2        0.2        0.2        0.2        0.2        0.2        0.2        0.2        0.2        
0.2        0.2        0.2        0.2        0.2        0.2        0.2        0.2        0.2        
0.2        0.2        0.2        0.2        0.2        0.2        0.2        0.2        0.2        
0.2        0.2        0.2        0.2        0.2        0.2        0.2        0.2        0.2        
0.2        0.2        0.2        0.2        0.2        0.2        0.2        0.2        0.2        
0.2        0.2        0.2        0.2        0.2        0.2        0.2        0.2        0.2        
0.2        0.2        0.2        0.2        0.2        0.2        0.2        0.2        0.2        
0.2        0.2        0.2        0.2        0.2        0.2        0.2        0.2        0.2        
0.2        0.2        0.2        0.2        0.2        0.2        0.2        0.2        0.2        
0.2        0.2        0.2        0.2        0.2        0.2        0.2        0.2        0.2        
0.2        0.2        0.2        0.2        0.2        0.2        0.2        0.2        0.2        
0.2        0.2        0.2        0.2        0.2        0.2        0.2        0.2        0.2        
0.2        0.2        0.2        0.2        0.2        0.2        0.2        0.2        0.2        
0.2        0.2        0.2        0.2        0.2        0.2        0.2        0.2        0.2        
# Fecundity Option
0
# Fraction of year that elapses prior to SSB calculation (0=Jan-1)
0.25
# Maturity
0.09       0.32       0.70       0.92       0.98       1.00       1.00       1.00       1.00       
0.09       0.32       0.70       0.92       0.98       1.00       1.00       1.00       1.00       
0.09       0.32       0.70       0.92       0.98       1.00       1.00       1.00       1.00       
0.09       0.32       0.70       0.92       0.98       1.00       1.00       1.00       1.00       
0.09       0.32       0.70       0.92       0.98       1.00       1.00       1.00       1.00       
0.09       0.32       0.70       0.92       0.98       1.00       1.00       1.00       1.00       
0.09       0.32       0.70       0.92       0.98       1.00       1.00       1.00       1.00       
0.09       0.32       0.70       0.92       0.98       1.00       1.00       1.00       1.00       
0.09       0.32       0.70       0.92       0.98       1.00       1.00       1.00       1.00       
0.09       0.32       0.70       0.92       0.98       1.00       1.00       1.00       1.00       
0.09       0.32       0.70       0.92       0.98       1.00       1.00       1.00       1.00       
0.09       0.32       0.70       0.92       0.98       1.00       1.00       1.00       1.00       
0.09       0.32       0.70       0.92       0.98       1.00       1.00       1.00       1.00       
0.09       0.32       0.70       0.92       0.98       1.00       1.00       1.00       1.00       
0.09       0.32       0.70       0.92       0.98       1.00       1.00       1.00       1.00       
0.09       0.32       0.70       0.92       0.98       1.00       1.00       1.00       1.00       
0.09       0.32       0.70       0.92       0.98       1.00       1.00       1.00       1.00       
0.09       0.32       0.70       0.92       0.98       1.00       1.00       1.00       1.00       
0.09       0.32       0.70       0.92       0.98       1.00       1.00       1.00       1.00       
0.09       0.32       0.70       0.92       0.98       1.00       1.00       1.00       1.00       
0.09       0.32       0.70       0.92       0.98       1.00       1.00       1.00       1.00       
0.09       0.32       0.70       0.92       0.98       1.00       1.00       1.00       1.00       
0.09       0.32       0.70       0.92       0.98       1.00       1.00       1.00       1.00       
0.09       0.32       0.70       0.92       0.98       1.00       1.00       1.00       1.00       
0.09       0.32       0.70       0.92       0.98       1.00       1.00       1.00       1.00       
0.09       0.32       0.70       0.92       0.98       1.00       1.00       1.00       1.00       
0.09       0.32       0.70       0.92       0.98       1.00       1.00       1.00       1.00       
0.09       0.32       0.70       0.92       0.98       1.00       1.00       1.00       1.00       
0.09       0.32       0.70       0.92       0.98       1.00       1.00       1.00       1.00       
0.09       0.32       0.70       0.92       0.98       1.00       1.00       1.00       1.00       
0.09       0.32       0.70       0.92       0.98       1.00       1.00       1.00       1.00       
0.09       0.32       0.70       0.92       0.98       1.00       1.00       1.00       1.00       
0.09       0.32       0.70       0.92       0.98       1.00       1.00       1.00       1.00       
0.09       0.32       0.70       0.92       0.98       1.00       1.00       1.00       1.00       
0.09       0.32       0.70       0.92       0.98       1.00       1.00       1.00       1.00       
0.09       0.32       0.70       0.92       0.98       1.00       1.00       1.00       1.00       
0.09       0.32       0.70       0.92       0.98       1.00       1.00       1.00       1.00       
# Number of Weights at Age Matrices
3
# Weight Matrix - 1
0.356           0.859           1.511           2.597           5.074           7.062           9.624           9.752           15.653          
0.227           0.771           1.529           2.416           3.805           6.054           6.129           10.202          13.493          
0.239           0.666           1.461           2.677           3.649           5.518           8.195           9.97            15.062          
0.218           0.738           1.381           2.818           4.776           6.095           8.545           11.248          13.074          
0.28            0.512           1.685           2.773           4.848           6.666           8.19            10.431          14.74           
0.157           0.667           1.349           3.029           4.609           7.394           10.239          11.156          14.209          
0.122           0.603           1.641           2.331           5.141           5.107           6.052           10.202          12.527          
0.242           0.773           1.517           2.927           4.313           6.01            9.203           11.932          20.556          
0.19            0.817           1.357           2.154           4.55            7.655           10.485          11.46           18.459          
0.236           1.122           1.606           2.28            3.89            7.142           10.522          12.261          14.016          
0.055           1.04            1.537           2.733           2.973           5.537           10.869          10.234          14.483          
0.083           0.703           1.72            2.105           4.254           5.535           9.993           13.673          15.59           
0.058           0.76            1.686           3.025           3.17            6.302           7.587           12.655          11.418          
0.105           1.29            1.569           2.526           4.99            6.67            11.466          13.002          22.443          
0.092           1.339           2.097           2.25            3.443           7.585           11.713          14.455          16.056          
0.064           1.365           2.121           3               3.048           4.629           8.984           12.141          16.938          
0.202           1.099           1.945           2.62            3.941           4.186           7.037           12.123          16.676          
0.221           0.691           1.769           2.813           3.848           5.638           6.425           9.581           12.279          
0.283           1.145           2.136           3.24            4.216           5.829           5.315           9.534           12.757          
0.316           0.954           2.218           3.126           4.624           6.095           7.227           9.138           9.516           
0.188           0.827           1.883           2.903           3.749           6.072           6.931           8.74            12.558          
0.181           0.869           1.911           2.459           3.683           5.145           7.665           9.216           12.105          
0.108           0.496           1.627           2.923           3.545           5.428           7.45            9.984           14.169          
0.125           0.554           1.669           2.509           4.439           4.913           6.957           8.057           11.588          
0.276           0.661           1.57            2.981           3.401           4.538           5.584           7.426           11.97           
0.222           0.768           1.816           2.949           3.763           4.837           6.256           7.397           12.543          
0.244           0.84            2.22            2.821           3.498           4.512           6.033           5.96            13.384          
0.33            0.91            2.22            3.122           3.553           4.402           6.126           8.382           14.124          
0.267           1.01            1.976           3.147           3.894           4.462           5.482           8.698           11.53           
0.295           0.861           2.057           2.766           3.681           4.608           5.377           5.625           13.053          
0.29            0.951           1.869           2.548           2.934           3.951           5.032           5.267           9.906           
0.442           0.921           1.812           2.196           2.857           3.098           4.67            6.715           11.091          
0.361           1.249           1.76            2.207           2.58            3.497           3.798           6.558           8.122           
0.236           0.614           1.506           2.637           4.285           4.341           5.447           8.173           13.79           
0.136           0.602           1.423           2.697           3.222           4.848           4.728           6.518           10.089          
0.239           0.664           1.27            2.322           3.209           4.225           6.467           7.536           10.042          
0.313           0.814           1.597           2.421           3.593           4.53            5.022           9.408           11.307          
# Weight Matrix - 2
0.24            0.595           1.162           2.116           4.646           7.581           9.348           9.688           15.653          
0.052           0.5             1.109           1.892           3.129           5.542           6.579           9.909           13.493          
0.077           0.375           1.013           2.013           2.968           4.582           7.043           7.817           15.062          
0.015           0.412           0.905           2.001           3.576           4.716           6.867           9.601           13.074          
0.104           0.326           1.079           1.906           3.696           5.642           7.065           9.441           14.74           
0.028           0.409           0.786           2.243           3.55            5.987           8.261           9.559           14.209          
0.021           0.304           0.974           1.709           3.946           4.852           6.69            10.22           12.527          
0.027           0.295           0.895           2.151           3.165           5.558           6.856           8.493           20.556          
0.095           0.44            0.937           1.735           3.635           5.746           7.937           10.27           18.459          
0.071           0.446           1.073           1.678           2.845           5.7             8.973           11.339          14.045          
0.029           0.469           1.194           2.001           2.549           4.593           8.809           10.373          14.483          
0.049           0.194           1.219           1.648           3.358           4.021           7.412           12.19           15.597          
0.042           0.243           0.947           2.175           2.488           5.18            6.481           11.244          11.418          
0.056           0.284           0.869           1.88            3.823           4.596           8.504           9.934           22.443          
0.064           0.382           1.34            1.674           2.84            6.11            8.834           12.844          16.153          
0.052           0.397           1.387           2.328           2.505           3.879           8.252           11.925          16.938          
0.059           0.263           1.35            2.129           3.355           3.454           5.614           10.435          16.676          
0.045           0.343           1.125           2.179           3.028           4.689           5.122           8.211           12.279          
0.12            0.46            1.031           2.17            3.353           4.677           5.449           7.811           12.732          
0.097           0.449           1.24            2.311           3.743           4.981           6.452           6.917           9.496           
0.088           0.45            1.013           2.148           3.104           5.21            6.461           7.817           12.477          
0.09            0.339           1.012           1.684           2.873           3.975           6.807           8.001           12.071          
0.066           0.371           0.916           2.008           2.556           4.192           5.958           8.733           14.157          
0.062           0.246           0.822           1.524           3.232           3.928           6.077           7.737           11.584          
0.088           0.305           0.789           1.809           2.365           4.095           5.096           7.023           11.956          
0.126           0.442           0.896           1.691           2.916           3.672           5.022           6.367           12.543          
0.089           0.405           1.074           1.801           2.728           3.788           5.179           6.05            13.371          
0.171           0.486           1.183           2.136           2.748           3.5             5.042           6.947           14.114          
0.108           0.544           1.102           2.165           2.988           3.444           4.393           7.143           11.53           
0.084           0.467           1.219           1.779           2.951           3.8             4.373           5.201           13.063          
0.157           0.461           1.046           1.917           2.44            3.597           4.663           5.142           9.906           
0.014           0.453           0.995           1.638           2.469           2.854           4.251           5.8             11.091          
0.138           0.591           0.985           1.482           2.033           2.871           3.241           5.489           8.122           
0.071           0.464           1.135           1.691           2.346           2.716           3.796           5.275           13.79           
0.068           0.373           0.871           1.728           2.317           3.757           3.824           5.329           10.089          
0.047           0.31            0.852           1.634           2.414           2.979           4.679           5.446           9.73            
0.056           0.414           1.002           1.625           2.546           3.185           3.767           7.01            11.307          
# Weight Matrix - 3
0               0               0               0               0               0               0               0               0               
0               0               0               0               0               0               0               0               0               
0               0               0               0               0               0               0               0               0               
0               0               0               0               0               0               0               0               0               
0               0               0               0               0               0               0               0               0               
0               0               0               0               0               0               0               0               0               
0               0               0               0               0               0               0               0               0               
0               0               0               0               0               0               0               0               0               
0               0               0               0               0               0               0               0               0               
0               0               0               0               0               0               0               0               0               
0               0               0               0               0               0               0               0               0               
0               0               0               0               0               0               0               0               0               
0               0               0               0               0               0               0               0               0               
0               0               0               0               0               0               0               0               0               
0               0               0               0               0               0               0               0               0               
0               0               0               0               0               0               0               0               0               
0               0               0               0               0               0               0               0               0               
0               0               0               0               0               0               0               0               0               
0               0               0               0               0               0               0               0               0               
0               0               0               0               0               0               0               0               0               
0               0               0               0               0               0               0               0               0               
0               0               0               0               0               0               0               0               0               
0               0               0               0               0               0               0               0               0               
0               0               0               0               0               0               0               0               0               
0               0               0               0               0               0               0               0               0               
0               0               0               0               0               0               0               0               0               
0               0               0               0               0               0               0               0               0               
0               0               0               0               0               0               0               0               0               
0               0               0               0               0               0               0               0               0               
0               0               0               0               0               0               0               0               0               
0               0               0               0               0               0               0               0               0               
0               0               0               0               0               0               0               0               0               
0               0               0               0               0               0               0               0               0               
0               0               0               0               0               0               0               0               0               
0               0               0               0               0               0               0               0               0               
0               0               0               0               0               0               0               0               0               
0               0               0               0               0               0               0               0               0               
# Weights at Age Pointers
1
1
1
1
2
2
# Selectivity Block Assignment
# Fleet 1 Selectivity Block Assignment
1
1
1
1
1
1
1
2
2
2
2
2
2
2
2
2
2
2
2
2
2
2
2
3
3
3
3
3
3
3
3
3
3
3
3
3
3
# Selectivity Options for each block 1=by age, 2=logisitic, 3=double logistic
2  2  2  
# Selectivity Block #1 Data 
0.1             1               0               1               
0.3             1               0               1               
0.5             1               0               1               
0.8             1               0               1               
1               -1              0               1               
1               2               0               1               
0.9             2               0               1               
0.8             2               0               1               
0.8             2               0               1               
3               3               0               1               
0.5             3               0               1               
0               0               0               0               
0               0               0               0               
0               0               0               0               
0               0               0               0               
# Selectivity Block #2 Data 
0.1             1               0               1               
0.3             1               0               1               
0.5             1               0               1               
0.8             1               0               1               
0.9             1               0               1               
1               -2              0               1               
0.9             2               0               1               
0.8             2               0               1               
0.8             2               0               1               
3               1               0               1               
0.5             1               0               1               
0               0               0               0               
0               0               0               0               
0               0               0               0               
0               0               0               0               
# Selectivity Block #3 Data 
0.1             1               0               1               
0.3             1               0               1               
0.5             1               0               1               
0.8             1               0               1               
0.9             1               0               1               
1               -2              0               1               
0.9             2               0               1               
0.8             2               0               1               
0.8             2               0               1               
3               1               0               1               
0.5             1               0               1               
0               0               0               0               
0               0               0               0               
0               0               0               0               
0               0               0               0               
# Fleet Start Age
1  
# Fleet End Age
9  
# Age Range for Average F
8  8
# Average F report option (1=unweighted, 2=Nweighted, 3=Bweighted)
1
# Use Likelihood constants? (1=yes)
0
# Release Mortality by Fleet
1  
# Catch Data
# Fleet-1 Catch Data
446             2979.9          2345.9          1467            766.6           67.9            97.5            74.4            91              17534.2         
605.2           2713.4          3191.1          1306.6          766.8           489.8           54.8            66.5            61.1            17987.7         
386.7           2410.4          1950            1811.6          486.7           248.3           116.8           10              57              14457.3         
548.4           2422.6          2981.1          1349.4          900.7           211.6           152.1           69.4            45.8            18101           
785.3           1878.6          3121.9          1124.5          321.3           246.3           57.9            49.6            63.3            14685.8         
292.3           2237.6          1896.1          1864.3          394.5           105.1           103.2           20.1            48.3            14307.2         
417.6           1747.1          2557.3          1393.4          496.8           76.5            29.4            32.5            11.1            12142.6         
169             1346.6          2796.1          1884.6          582.7           101.7           80.8            10.6            21.6            15284           
68.6            856.3           6048.2          3049.3          639.5           230.6           34.7            49.6            45.4            21931.9         
121.3           497.6           959.1           5662            1054.2          152.5           57.6            26              15.8            21375.4         
372.8           854.2           913.5           538             2315.1          236.5           82.9            6.2             5.5             13023.4         
108             556.7           2555.2          1102.3          115.9           535.5           45.8            11.3            0               11177.5         
124.4           214.1           1762.5          1395.7          290.4           68.6            78.1            29.3            8.2             9775.4          
79.7            375.7           1593.4          1460.5          235.3           31.3            6.5             18.4            2.8             8444.7          
35.9            112.3           655.1           2083.4          415.9           37.1            4.1             0.5             1.8             8014            
69              140.5           545.2           485.6           905             75.5            5.6             2.4             1               6015.1          
5.8             178.3           539             676             163.2           220.1           29.7            5.5             2.3             4893.6          
73.1            92.8            414.8           416.9           223.9           66.5            78.7            13.9            1.1             3878.2          
22.3            500.6           648.4           937.6           195.9           93.3            14              13.4            0               6580.5          
0.6             363.2           1238.1          738.6           408.4           111.5           59.9            8.6             11.7            8600.2          
15.1            38.3            376.5           1011.6          356.9           176             71.5            31.2            22.6            7142.2          
39.2            105.9           160.6           567.2           721.6           190.7           78.7            30.5            28.3            6686.4          
133.8           103.8           640.2           290.3           460.4           293.8           85.8            47.3            49.8            7004.6          
24.6            174.7           160.2           1009.8          109.4           320             178.7           50.1            40.8            7087.5          
16.8            49.4            383.5           285.2           457.4           29.9            81.3            40.1            27.4            4263.6          
11.9            98.6            290.1           1023.2          148.7           255.7           9.2             21.8            25.9            5966.4          
11.4            118.4           630.2           800.4           914.1           76.6            112.6           3.8             21.8            8302.8          
11.4            105.3           732.2           1235.6          536.1           316.8           24.5            33.1            12              9484.8          
8.9             83.8            517.9           1086.8          765.7           193.1           93.8            13.5            8               9099.7          
11.5            62.1            347.1           754             715.1           413.6           42.1            45.2            9.9             8007.2          
19.8            130.3           399.6           558.3           310.2           146.3           66.6            8.3             3.8             4204.1          
12              356.7           531.6           313.5           176.5           32              15.5            7.6             0.9             2722.7          
24.6            70.3            318.3           333.1           91              34.1            10.1            1.9             1               1805.9          
9.7             90.1            47.6            74.6            16              2.1             1.9             0.3             0.2             420.2           
5.1             46.3            203             76.4            86.4            6.3             2               0.7             0.3             849.6           
2.6             34.1            90.7            288.5           60              35.5            2.1             0.4             0.3             1171            
16.8            43.1            27.5            71.6            103.8           13.2            11.8            0.2             0.2             753.1           
# Discards
# Fleet-1 Discards Data
0               0               0               0               0               0               0               0               0               0               
0               0               0               0               0               0               0               0               0               0               
0               0               0               0               0               0               0               0               0               0               
0               0               0               0               0               0               0               0               0               0               
0               0               0               0               0               0               0               0               0               0               
0               0               0               0               0               0               0               0               0               0               
0               0               0               0               0               0               0               0               0               0               
0               0               0               0               0               0               0               0               0               0               
0               0               0               0               0               0               0               0               0               0               
0               0               0               0               0               0               0               0               0               0               
0               0               0               0               0               0               0               0               0               0               
0               0               0               0               0               0               0               0               0               0               
0               0               0               0               0               0               0               0               0               0               
0               0               0               0               0               0               0               0               0               0               
0               0               0               0               0               0               0               0               0               0               
0               0               0               0               0               0               0               0               0               0               
0               0               0               0               0               0               0               0               0               0               
0               0               0               0               0               0               0               0               0               0               
0               0               0               0               0               0               0               0               0               0               
0               0               0               0               0               0               0               0               0               0               
0               0               0               0               0               0               0               0               0               0               
0               0               0               0               0               0               0               0               0               0               
0               0               0               0               0               0               0               0               0               0               
0               0               0               0               0               0               0               0               0               0               
0               0               0               0               0               0               0               0               0               0               
0               0               0               0               0               0               0               0               0               0               
0               0               0               0               0               0               0               0               0               0               
0               0               0               0               0               0               0               0               0               0               
0               0               0               0               0               0               0               0               0               0               
0               0               0               0               0               0               0               0               0               0               
0               0               0               0               0               0               0               0               0               0               
0               0               0               0               0               0               0               0               0               0               
0               0               0               0               0               0               0               0               0               0               
0               0               0               0               0               0               0               0               0               0               
0               0               0               0               0               0               0               0               0               0               
0               0               0               0               0               0               0               0               0               0               
0               0               0               0               0               0               0               0               0               0               
# Release Proportion
# Fleet-1 Release Data
0               0               0               0               0               0               0               0               0               
0               0               0               0               0               0               0               0               0               
0               0               0               0               0               0               0               0               0               
0               0               0               0               0               0               0               0               0               
0               0               0               0               0               0               0               0               0               
0               0               0               0               0               0               0               0               0               
0               0               0               0               0               0               0               0               0               
0               0               0               0               0               0               0               0               0               
0               0               0               0               0               0               0               0               0               
0               0               0               0               0               0               0               0               0               
0               0               0               0               0               0               0               0               0               
0               0               0               0               0               0               0               0               0               
0               0               0               0               0               0               0               0               0               
0               0               0               0               0               0               0               0               0               
0               0               0               0               0               0               0               0               0               
0               0               0               0               0               0               0               0               0               
0               0               0               0               0               0               0               0               0               
0               0               0               0               0               0               0               0               0               
0               0               0               0               0               0               0               0               0               
0               0               0               0               0               0               0               0               0               
0               0               0               0               0               0               0               0               0               
0               0               0               0               0               0               0               0               0               
0               0               0               0               0               0               0               0               0               
0               0               0               0               0               0               0               0               0               
0               0               0               0               0               0               0               0               0               
0               0               0               0               0               0               0               0               0               
0               0               0               0               0               0               0               0               0               
0               0               0               0               0               0               0               0               0               
0               0               0               0               0               0               0               0               0               
0               0               0               0               0               0               0               0               0               
0               0               0               0               0               0               0               0               0               
0               0               0               0               0               0               0               0               0               
0               0               0               0               0               0               0               0               0               
0               0               0               0               0               0               0               0               0               
0               0               0               0               0               0               0               0               0               
0               0               0               0               0               0               0               0               0               
0               0               0               0               0               0               0               0               0               
# Survey Index Data
# Aggregate Index Units
2  2  2  2  2  
# Age Proportion Index Units
2  2  2  2  2  
# Weight at Age Matrix
2  1  2  2  2  
# Index Month
4  10  5  9  6  
# Index Selectivity Link to Fleet
-1  -1  -1  -1  1  
# Index Selectivity Options 1=by age, 2=logisitic, 3=double logistic
1  1  1  3  2  
# Index Start Age
1  1  1  1  2  
# Index End Age
9  9  6  9  6  
# Estimate Proportion (Yes=1)
1  1  1  0  0  
# Use Index (Yes=1)
1  1  1  0  0  
# Index-1 Selectivity Data 
0.05            1               0               1               
0.2             1               0               1               
0.4             1               0               1               
0.79            1               0               1               
0.9             1               0               1               
1               -2              0               1               
1               -2              0               1               
1               -2              0               1               
1               -2              0               1               
1.5             1               0               1               
1               2               0               1               
0               0               0               0               
0               0               0               0               
0               0               0               0               
0               0               0               0               
# Index-2 Selectivity Data 
0.05            1               0               1               
0.2             1               0               1               
0.4             1               0               1               
0.79            1               0               1               
0.9             1               0               1               
1               -2              0               1               
1               -2              0               1               
1               -2              0               1               
1               -2              0               1               
1.5             1               0               1               
1               2               0               1               
0               0               0               0               
0               0               0               0               
0               0               0               0               
0               0               0               0               
# Index-3 Selectivity Data 
1               -1              0               1               
0.8             2               0               1               
0.6             2               0               1               
0.5             2               0               1               
0.4             3               0               1               
0.2             3               0               1               
0               -2              0               1               
0               -2              0               1               
0               -2              0               1               
0               0               0               0               
0               0               0               0               
0.25            1               0               1               
10              -1              0               1               
2               2               0               1               
1               3               0               1               
# Index-4 Selectivity Data 
0               0               0               0               
0               0               0               0               
0               0               0               0               
0               0               0               0               
0               0               0               0               
0               0               0               0               
0               0               0               0               
0               0               0               0               
0               0               0               0               
0               0               0               0               
0               0               0               0               
11              -1              0               1               
11              -1              0               1               
2               2               0               1               
0.1             3               0               1               
# Index-5 Selectivity Data 
0               0               0               0               
0               0               0               0               
0               0               0               0               
0               0               0               0               
0               0               0               0               
0               0               0               0               
0               0               0               0               
0               0               0               0               
0               0               0               0               
1               -1              0               1               
2               -3              0               1               
0               0               0               0               
0               0               0               0               
0               0               0               0               
0               0               0               0               
# Index-1 Data 
1982  6011.073        0.42            593.47125       1583.442        886.293         1125.43875      1388.2275       140.8995        188.02575       0               105.27525       15              
1983  6230.25         0.46            973.99575       1546.6995       1664.75475      728.61975       525.897         405.126         96.8085         0               288.34875       15              
1984  5858.6715       0.67            241.70175       2017.16325      1616.031        1357.236        389.4705        82.27125        154.79775       0               0               15              
1985  4019.949        0.41            45.6885         396.819         1062.9765       979.587         1130.0715       173.00925       147.2895        84.50775        0               15              
1986  3126.14775      0.51            857.2185        414.23175       1227.03975      323.49375       131.47425       81.153          62.78175        0               28.755          15              
1987  1728.97425      0.46            47.6055         752.103         304.4835        345.3795        124.2855        0               111.98475       19.32975        23.80275        15              
1988  4995.86175      0.41            1246.84875      1426.40775      1270.971        425.41425       366.4665        140.58          71.2485         0               47.925          15              
1989  3374.71875      0.39            26.5185         986.9355        1134.225        1008.82125      97.60725        120.61125       0               0               0               15              
1990  3772.9755       0.44            0               378.44775       2132.982        1063.6155       113.103         38.0205         46.80675        0               0               15              
1991  3822.97725      0.45            43.29225        124.76475       377.48925       2791.152        388.8315        68.6925         28.755          0               0               15              
1992  3889.2735       0.51            80.03475        394.902         359.59725       405.92475       2171.80125      341.226         117.41625       0               18.37125        15              
1993  4005.5715       0.43            304.64325       832.9365        1292.21775      564.876         140.10075       709.76925       88.98075        72.04725        0               15              
1994  2031.86025      0.43            24.76125        504.81          648.74475       324.2925        135.94725       85.626          217.10025       17.09325        73.485          15              
1995  3082.536        0.48            61.18425        270.77625       1845.27225      552.096         232.43625       100.6425        0               20.1285         0               15              
1996  3936.5595       0.45            91.377          34.34625        936.135         2163.81375      614.87775       96.00975        0               0               0               15              
1997  3500.7615       0.37            253.3635        222.21225       623.3445        432.2835        1395.73575      389.94975       183.87225       0               0               15              
1998  2733.80175      0.54            28.91475        364.869         581.8095        803.38275       233.5545        632.76975       40.41675        48.08475        0               15              
1999  3674.5695       0.45            264.546         546.18525       1167.29325      550.01925       477.81225       217.899         432.76275       0               18.05175        15              
2000  4884.03675      0.41            1874.02725      1176.87825      700.0245        774.94725       158.1525        146.6505        18.05175        35.30475        0               15              
2001  3428.39475      0.5             45.6885         542.511         1091.412        833.256         551.457         103.67775       154.79775       87.543          18.05175        15              
2002  5948.7705       0.4             543.62925       72.36675        893.6415        2509.83225      970.641         545.86575       295.5375        90.57825        26.67825        15              
2003  5875.44525      0.41            119.33325       1317.618        93.933          1148.283        1727.69625      634.2075        491.23125       138.663         204.48          15              
2004  1567.7865       0.44            217.5795        71.08875        367.90425       185.46975       333.07875       340.42725       18.05175        18.05175        16.13475        15              
2005  2817.6705       0.44            45.6885         1180.71225      130.995         988.05375       18.69075        224.12925       206.0775        23.3235         0               15              
2006  2178.6705       0.39            338.9895        378.6075        693.79425       77.6385         315.18675       37.54125        201.924         110.38725       24.6015         15              
2007  19797.8175      0.86            158.31225       5467.76325      4915.34775      7111.59075      708.3315        1248.9255       121.25025       66.29625        0               15              
2008  12762.58725     0.9             126.522         1860.4485       6278.01525      2527.245        1755.17325      85.14675        130.0365        0               0               15              
2009  2452.96125      0.5             103.03875       311.193         581.01075       671.589         419.5035        316.944         15.17625        28.755          5.751           15              
2010  5654.03175      0.84            110.8665        2159.97975      1835.68725      649.5435        515.034         248.2515        69.3315         25.40025        39.9375         15              
2011  1427.36625      0.48            7.9875          38.49975        222.85125       611.36325       301.2885        137.86425       52.23825        55.2735         0               15              
2012  1693.989        0.42            136.58625       219.01725       417.267         460.08          296.65575       98.0865         54.954          5.59125         5.751           15              
2013  1452.60675      0.48            18.69075        452.57175       357.36075       259.1145        263.268         69.81075        31.79025        0               0               15              
2014  929.26575       0.43            9.585           34.66575        143.61525       404.00775       205.91775       55.2735         54.79425        0               21.4065         15              
2015  6530.8995       0.55            49.36275        1319.8545       1786.644        2792.1105       418.545         122.52825       41.8545         0               0               15              
2016  2977.4205       0.75            95.85           207.51525       1976.58675      318.06225       352.56825       7.9875          9.42525         9.42525         0               15              
2017  2020.518        0.41            7.029           48.72375        273.492         762.966         481.00725       412.95375       34.34625        0               0               15              
2018  795.555         0.46            39.77775        29.0745         9.2655          172.37025       444.58425       51.12           49.36275        0               0               15              
# Index-2 Data 
1982  12410.9775      0.75            1332.315        5182.13025      3926.81475      1612.35675      357.36075       0               0               0               0               15              
1983  4450.79475      0.27            488.196         1460.4345       1296.05175      360.55575       363.591         350.172         0               0               131.79375       15              
1984  3911.958        0.32            819.198         668.394         936.61425       638.52075       313.58925       275.56875       107.19225       0               152.88075       15              
1985  4245.99525      0.28            803.38275       1459.7955       1006.425        342.98325       355.923         111.825         0               67.25475        98.406          15              
1986  3115.92375      0.33            627.33825       646.3485        1029.26925      558.64575       108.3105        76.20075        0               0               69.81075        15              
1987  4581.63         0.39            910.41525       2217.48975      950.193         323.973         179.559         0               0               0               0               15              
1988  9430.362        0.44            3017.51775      3780.16425      1709.964        561.20175       259.1145        0               102.39975       0               0               15              
1989  7273.25775      0.32            218.37825       3955.25025      2329.63425      449.37675       234.03375       86.5845         0               0               0               15              
1990  4770.4545       0.29            91.0575         348.255         2870.0685       930.22425       455.2875        54.15525        21.4065         0               0               15              
1991  1987.6095       0.35            237.86775       233.07525       369.0225        1012.01625      99.52425        0               36.1035         0               0               15              
1992  2196.40275      0.31            461.51775       717.43725       231.15825       69.651          515.034         201.6045        0               0               0               15              
1993  1901.82375      0.35            317.2635        923.355         572.38425       27.63675        0               61.18425        0               0               0               15              
1994  3352.35375      0.41            292.9815        1452.447        1317.45825      135.30825       81.63225        0               72.5265         0               0               15              
1995  3191.32575      0.4             106.713         492.669         1958.2155       484.84125       130.83525       18.05175        0               0               0               15              
1996  2074.194        0.36            195.2145        604.97325       369.82125       824.31          79.875          0               0               0               0               15              
1997  1393.49925      0.4             474.138         153.20025       254.6415        269.658         241.8615        0               0               0               0               15              
1998  1268.415        0.45            147.44925       534.36375       176.364         295.5375        65.4975         49.203          0               0               0               15              
1999  2845.94625      0.28            690.59925       599.382         942.04575       389.4705        202.2435        22.20525        0               0               0               15              
2000  4146.471        0.41            861.85125       1567.62675      636.7635        783.0945        226.68525       19.17           0               51.27975        0               15              
2001  3134.13525      0.35            0               227.64375       1225.9215       780.5385        531.16875       202.08375       127.8           0               38.979          15              
2002  8511.7995       0.68            430.20675       165.98025       508.9635        4307.33925      1731.53025      1156.2705       138.3435        73.1655         0               15              
2003  3174.71175      0.41            737.0865        296.97525       346.0185        818.39925       727.182         113.4225        99.52425        0               36.1035         15              
2004  3456.351        0.42            1051.95375      264.38625       909.77625       420.94125       406.56375       258.31575       89.93925        20.28825        34.1865         15              
2005  2080.9035       0.16            244.57725       604.33425       123.80625       727.34175       36.1035         143.4555        130.995         36.1035         34.1865         15              
2006  5640.453        0.4             1981.37925      956.9025        1610.5995       406.0845        462.47625       59.58675        84.50775        54.79425        24.12225        15              
2007  3155.0625       0.48            208.953         1378.0035       631.332         793.15875       36.423          107.19225       0               0               0               15              
2008  5263.443        0.48            1051.31475      1946.55375      1693.19025      300.969         221.89275       0               0               0               49.5225         15              
2009  5462.65125      0.63            1063.77525      3363.3765       481.167         424.77525       62.78175        66.7755         0               0               0               15              
2010  1142.05275      0.38            146.0115        194.73525       311.99175       324.45225       122.52825       16.77375        15.49575        0               10.06425        15              
2011  1532.961        0.41            95.69025        147.76875       335.7945        485.9595        285.15375       124.44525       7.9875          50.1615         0               15              
2012  722.3895        0.31            126.04275       139.302         215.982         146.97          51.759          17.41275        24.921          0               0               15              
2013  921.438         0.36            31.15125        387.39375       353.6865        102.5595        22.52475        24.12225        0               0               0               15              
2014  2027.38725      0.57            615.6765        549.2205        529.25175       282.27825       25.56           25.40025        0               0               0               15              
2015  599.7015        0.37            6.39            196.33275       95.211          204.00075       88.34175        9.42525         0               0               0               15              
2016  2433.79125      0.63            0               94.73175        1607.88375      317.74275       358.479         50.1615         4.7925          0               0               15              
2017  1505.00475      0.38            0               92.81475        271.575         916.80525       147.44925       76.3605         0               0               0               15              
2018  995.08275       0.44            297.135         135.468         162.945         171.5715        217.899         0               10.06425        0               0               15              
# Index-3 Data 
1982  4714.7          0.52            2586.6          1298.6          575.3           204.9           44              5.4             10              9.8             0               9               
1983  10603.2         0.46            5931.4          3454.1          897.2           88.6            217.2           14.7            6.9             6.4             0               9               
1984  1974.8          0.58            387.1           983.3           410.4           152.5           17.1            24.5            0               0               0               9               
1985  1349.9          0.51            324.7           533.1           390             102.2           0               0               0               0               0               9               
1986  4511.7          0.82            3506.9          695.4           174.3           106.3           24.2            4.5             0               0               0               9               
1987  3217.2          0.51            1694.4          1045            406.5           33.2            27.5            10.5            0               0               13.7            9               
1988  3986            0.5             1998.3          1362.9          384.5           230.6           0               9.7             0               0               0               9               
1989  10189.9         0.56            4214            4498.5          1347.8          98.2            24.7            6.7             0               0               0               9               
1990  5384.5          0.59            1052.7          982.6           2885.3          420.9           43              0               0               0               0               9               
1991  2616            0.5             1045.8          446.7           351.4           723.4           48.7            0               0               0               0               9               
1992  3013.9          0.57            860.5           1114.6          675.9           94.9            255             12.9            8.6             0               0               9               
1993  2458.9          0.65            551             1200            500.8           159.4           33.3            14.5            0               0               0               9               
1994  2299.8          0.52            1059.7          761.3           334.1           123.5           21.2            0               0               0               0               9               
1995  2227.8          0.56            1167.4          479.8           471.9           102             6.7             0               0               0               0               9               
1996  807.3           0.52            151.9           97.7            187.3           311.7           58.7            0               0               0               0               9               
1997  1066.9          0.53            567.7           202.8           180.3           37.3            75.2            3.5             0               0               0               9               
1998  798.5           0.56            292.5           180.2           152.8           125             6.7             41.3            3.4             0               0               9               
1999  3512.1          0.67            2319.5          471.8           445.9           144.1           123.7           7.1             24.9            3.4             0               9               
2000  9503.2          0.69            6931.8          1371.3          464.7           454.7           154.6           126             12.3            16.1            0               9               
2001  3036.2          0.73            16.5            979.8           924.7           679.2           366.2           69.8            49.3            23              0               9               
2002  4502            0.39            3791.4          43.2            270.4           224.6           110             62.4            21.8            49.6            16.8            9               
2003  5116            0.79            3344.4          1079.5          86              380.9           181             44.2            15.1            3               7.7             9               
2004  3002.5          0.75            1747.4          368.7           515.8           73.6            201.4           95.6            15.7            5.9             2.8             9               
2005  2615.5          0.53            1082.9          809.3           157.2           384.5           51.5            130.1           47.6            18.3            20.5            9               
2006  4553.3          0.63            1958.8          1399.7          770.4           103             299.9           21.5            11.3            0               8.8             9               
2007  2388            0.57            740.2           603.5           451.5           424             67.2            101.7           5               9.1             0               9               
2008  4899.1          0.5             1426.2          2026.2          635.5           448.5           332.3           30.4            30.3            0               0               9               
2009  2826.4          0.66            1746.1          460.7           324.2           205             68.2            22              0               0               0               9               
2010  1345.2          0.53            474             272.4           279.6           160             133             26.1            0               0               9.7             9               
2011  701.5           0.85            63.9            196.2           121.8           182.9           109.5           27.3            16.8            4.2             0               9               
2012  1024.4          0.56            660.2           131.6           87.5            59.6            81.4            4.1             0               0               0               9               
2013  207.8           0.56            55.8            46.5            28.4            45.4            31.7            0               0               0               0               9               
2014  407.3           0.45            202.7           49              112.3           25.7            10.8            6.7             3.4             0               0               9               
2015  245.8           0.57            70.6            58.3            56.4            55.9            4.6             0               16.4            0               0               9               
2016  79.1            0.61            0               13.4            50.9            6.5             8.3             0               0               0               0               9               
2017  0               0.71            0               0               0               0               0               0               0               0               0               0               
2018  200.7           0.54            75.3            47.7            40.9            24.3            12.6            0               6.3             0               0               9               
# Index-4 Data 
1982  304.6           0.321           0               0               0               0               0               0               0               0               0               0               
1983  66.2            0.338           0               0               0               0               0               0               0               0               0               0               
1984  51.4            0.189           0               0               0               0               0               0               0               0               0               0               
1985  65.5            0.308           0               0               0               0               0               0               0               0               0               0               
1986  170.1           0.304           0               0               0               0               0               0               0               0               0               0               
1987  215.7           0.173           0               0               0               0               0               0               0               0               0               0               
1988  663             0.24            0               0               0               0               0               0               0               0               0               0               
1989  41.2            0.064           0               0               0               0               0               0               0               0               0               0               
1990  975             0.262           0               0               0               0               0               0               0               0               0               0               
1991  478.4           0.263           0               0               0               0               0               0               0               0               0               0               
1992  213.4           0.076           0               0               0               0               0               0               0               0               0               0               
1993  453.2           0.245           0               0               0               0               0               0               0               0               0               0               
1994  1766.9          0.513           0               0               0               0               0               0               0               0               0               0               
1995  342.2           0.316           0               0               0               0               0               0               0               0               0               0               
1996  16.8            0.365           0               0               0               0               0               0               0               0               0               0               
1997  5.2             0.243           0               0               0               0               0               0               0               0               0               0               
1998  208.1           0.26            0               0               0               0               0               0               0               0               0               0               
1999  433.8           0.552           0               0               0               0               0               0               0               0               0               0               
2000  124             0.379           0               0               0               0               0               0               0               0               0               0               
2001  86.2            0.474           0               0               0               0               0               0               0               0               0               0               
2002  467.7           0.596           0               0               0               0               0               0               0               0               0               0               
2003  476.1           0.478           0               0               0               0               0               0               0               0               0               0               
2004  3408            0.299           0               0               0               0               0               0               0               0               0               0               
2005  247             0.415           0               0               0               0               0               0               0               0               0               0               
2006  1300.7          0.398           0               0               0               0               0               0               0               0               0               0               
2007  63.7            0.275           0               0               0               0               0               0               0               0               0               0               
2008  1321.1          0.417           0               0               0               0               0               0               0               0               0               0               
2009  438             0.416           0               0               0               0               0               0               0               0               0               0               
2010  355.3           0.449           0               0               0               0               0               0               0               0               0               0               
2011  324.7           0.328           0               0               0               0               0               0               0               0               0               0               
2012  0               0               0               0               0               0               0               0               0               0               0               0               
2013  0               0               0               0               0               0               0               0               0               0               0               0               
2014  0               0               0               0               0               0               0               0               0               0               0               0               
2015  0               0               0               0               0               0               0               0               0               0               0               0               
2016  0               0               0               0               0               0               0               0               0               0               0               0               
2017  0               0               0               0               0               0               0               0               0               0               0               0               
2018  0               0               0               0               0               0               0               0               0               0               0               0               
# Index-5 Data 
1982  0.218           0.3             0               0               0               0               0               0               0               0               0               0               
1983  0.233           0.3             0               0               0               0               0               0               0               0               0               0               
1984  0.139           0.3             0               0               0               0               0               0               0               0               0               0               
1985  0.106           0.3             0               0               0               0               0               0               0               0               0               0               
1986  0.106           0.3             0               0               0               0               0               0               0               0               0               0               
1987  0.06            0.3             0               0               0               0               0               0               0               0               0               0               
1988  0.099           0.3             0               0               0               0               0               0               0               0               0               0               
1989  0.133           0.3             0               0               0               0               0               0               0               0               0               0               
1990  0.266           0.3             0               0               0               0               0               0               0               0               0               0               
1991  0.221           0.3             0               0               0               0               0               0               0               0               0               0               
1992  0.103           0.3             0               0               0               0               0               0               0               0               0               0               
1993  0.094           0.3             0               0               0               0               0               0               0               0               0               0               
1994  -999            1               0               0               0               0               0               0               0               0               0               0               
1995  -999            1               0               0               0               0               0               0               0               0               0               0               
1996  -999            1               0               0               0               0               0               0               0               0               0               0               
1997  -999            1               0               0               0               0               0               0               0               0               0               0               
1998  -999            1               0               0               0               0               0               0               0               0               0               0               
1999  -999            1               0               0               0               0               0               0               0               0               0               0               
2000  -999            1               0               0               0               0               0               0               0               0               0               0               
2001  -999            1               0               0               0               0               0               0               0               0               0               0               
2002  -999            1               0               0               0               0               0               0               0               0               0               0               
2003  -999            1               0               0               0               0               0               0               0               0               0               0               
2004  -999            1               0               0               0               0               0               0               0               0               0               0               
2005  -999            1               0               0               0               0               0               0               0               0               0               0               
2006  -999            1               0               0               0               0               0               0               0               0               0               0               
2007  -999            1               0               0               0               0               0               0               0               0               0               0               
2008  -999            1               0               0               0               0               0               0               0               0               0               0               
2009  -999            1               0               0               0               0               0               0               0               0               0               0               
2010  -999            1               0               0               0               0               0               0               0               0               0               0               
2011  -999            1               0               0               0               0               0               0               0               0               0               0               
2012  0               0               0               0               0               0               0               0               0               0               0               0               
2013  0               0               0               0               0               0               0               0               0               0               0               0               
2014  0               0               0               0               0               0               0               0               0               0               0               0               
2015  0               0               0               0               0               0               0               0               0               0               0               0               
2016  0               0               0               0               0               0               0               0               0               0               0               0               
2017  0               0               0               0               0               0               0               0               0               0               0               0               
2018  0               0               0               0               0               0               0               0               0               0               0               0               
# Phase Control
# Phase for F mult in 1st Year
1
# Phase for F mult Deviations
3
# Phase for Recruitment Deviations
2
# Phase for N in 1st Year
1
# Phase for Catchability in 1st Year
1
# Phase for Catchability Deviations
-3
# Phase for Stock Recruitment Relationship
2
# Phase for Steepness
-3
# Recruitment CV by Year
0.5
0.5
0.5
0.5
0.5
0.5
0.5
0.5
0.5
0.5
0.5
0.5
0.5
0.5
0.5
0.5
0.5
0.5
0.5
0.5
0.5
0.5
0.5
0.5
0.5
0.5
0.5
0.5
0.5
0.5
0.5
0.5
0.5
0.5
0.5
0.5
0.5
# Lambdas by Index
1  1  1  1  1  
# Lambda for Total Catch in Weight by Fleet
1  
# Lambda for Total Discards at Age by Fleet
0  
# Catch Total CV by Year and Fleet
0.05         
0.05         
0.05         
0.05         
0.05         
0.05         
0.05         
0.05         
0.05         
0.05         
0.05         
0.05         
0.05         
0.05         
0.05         
0.05         
0.05         
0.05         
0.05         
0.05         
0.05         
0.05         
0.05         
0.05         
0.05         
0.05         
0.05         
0.05         
0.05         
0.05         
0.05         
0.05         
0.05         
0.05         
0.05         
0.05         
0.05         
# Discard Total CV by Year and Fleet
0            
0            
0            
0            
0            
0            
0            
0            
0            
0            
0            
0            
0            
0            
0            
0            
0            
0            
0            
0            
0            
0            
0            
0            
0            
0            
0            
0            
0            
0            
0            
0            
0            
0            
0            
0            
0            
# Catch Effective Sample Size by Year and Fleet
80           
80           
80           
80           
80           
80           
80           
80           
80           
80           
80           
80           
80           
80           
80           
80           
80           
80           
80           
80           
80           
80           
80           
80           
80           
80           
80           
80           
80           
80           
80           
80           
80           
80           
80           
80           
80           
# Discard Effective Sample Size by Year and Fleet
0            
0            
0            
0            
0            
0            
0            
0            
0            
0            
0            
0            
0            
0            
0            
0            
0            
0            
0            
0            
0            
0            
0            
0            
0            
0            
0            
0            
0            
0            
0            
0            
0            
0            
0            
0            
0            
# Lambda for F Mult in First year by Fleet
0  
# CV for F Mult in First year by Fleet
1  
# Lambda for F Mult Deviations by Fleet
0  
# CV for F Mult Deviations by Fleet
1  
# Lambda for N in 1st Year Deviations
0
# CV for N in 1st Year Deviations
1
# Lambda for Recruitment Deviations
0.2
# Lambda for Catchability in First year by Index
0  0  0  0  0  
# CV for Catchability in First year by Index
1  1  1  1  1  
# Lambda for Catchability Deviations by Index
0  0  0  0  0  
# CV for Catchability Deviations by Index
1  1  1  1  1  
# Lambda for Deviation from Initial Steepness
0
# CV for Deviation from Initial Steepness
1
# Lambda for Deviation from Unexploited Stock Size
0
# CV for Deviation from Unexploited Stock Size
1
# NAA Deviations Flag
1
# Initial Numbers at Age in 1st Year
15000  17000  6000  3500  2000  200  300  150  100  
# Initial F Mult in 1st Year by Fleet
0.05  
# Initial Catchabilty by Index
0.3  0.3  0.1  0.05  0.0001  
# Stock Recruitment Flag
0
# Initial Unexploited Stock
200000
# Initial Steepness
1.00
# Maximum F
3
# Ignore Guesses (Yes=1)
0
# Projection Control
# Do Projections (Yes=1)
0
# Fleet Directed Flag
1  
# Final Year in Projection
2019
# Projection Data by Year
2019     -1         3     -99        1          
# Do MCMC (Yes=1)
0
# MCMC Year Option
1
# MCMC Iterations
10000
# MCMC Thinning Factor
10
# MCMC Random Seed
548623
# Agepro R Option
2
# Agepro R Option Start Year
1982
# Agepro R Option End Year
2008
# Export R Flag
1
# Test Value
-23456
######
###### FINIS ######
# Fleet Names
#$Catch
# Survey Names
#$NEFSCspring
#$NEFSCfall
#$MAspring
#$MAfall
#$ComLPUE
#
